10749125
10810448
13779335
10849792
10758263
10727028
10619736
10878430
14724224
10706546
10708499
10685698
10759959
10848351
10886672
10810464
14692993
10814040
10708758
10702745
10795532
10674568
10655177
10639091
10747522
10674792
14710231
10752513
10676258
10723421
10766306
10726010
10622690
10652343
10691687
10895057
10776145
10790825
10783248
10850222
10811929
10715723
14331276
10891839
10642555
10744590
10881758
10814354
10800312
14041888
10817918
10858906
10866265
10694388
10810360
10794952
10705531
10733120
10639200
10818357
10692170
10641402
10734759
10753416
10644546
10838036
14291571
10711072
10657716
10782946
10671493
10801970
10831899
10718180
14757598
10850592
10895376
10638701
10672110
10668697
10836947
10715878
10795864
10741390
10822232
10767231
10638374
14034953
10698650
10700542
10729539
10777280
10631360
10891503
10835364
10817279
10718842
10699020
10841281
10784851
10708949
10865052
14261559
10696184
10782148
10861129
10726202
10656251
10823017
10783710
10786639
10808086
10816512
14344136
10744561
10788224
13978634
10659618
10647265
10724550
10868038
10723845
10817138
10746838
10654970
10648499
10629258
10778198
10673624
10823296
10674911
10692246
10654283
10805559
10774194
10802495
10755498
10764036
10650730
10742489
10699843
10771056
10865028
10635076
10742267
10701401
10691109
10657808
10654560
10638361
10669916
10788505
10759137
10782967
10844495
10869151
10865188
10715312
10628248
14318510
10889936
10725466
10857830
10741396
10766676
10656560
10704095
10732778
10773299
10893765
10717622
10623020
10691485
10629602
10650557
10746135
10659404
10794320
10857036
10825997
10886166
10663752
10781512
10748564
13979829
10764104
10798327
10729442
10679061
10751614
10809506
14462502
10723743
10855911
10853477
10734006
10624375
10821718
10621518
10865336
10879439
10829238
10643597
10687182
10890239
10894967
14199465
10731398
14046497
10657909
10638646
10777827
10864720
10783976
10791902
10855099
14903015
10775987
10639292
10828757
10750972
10700081
10834026
10883915
10773269
10639122
10720023
10627282
10808868
10705039
10801188
10827510
10874638
10773520
10669872
14092310
10891076
10699300
10703676
14343560
13618888
10699263
10719045
10701598
10803525
10801586
10690033
14055509
10653365
10860171
10873777
10624156
10811154
10618477
10827034
10642116
10739284
10719067
10746424
10715292
10657082
10638375
10742704
14143933
10717761
14107346
10645671
10794795
10827492
10761449
10720152
10627017
10849984
10621836
10796206
10722956
10752690
10818225
10706469
10742337
10729193
10817623
10851029
10633616
10751418
10849631
10640825
10752498
10812076
10862476
10872601
10710260
10891561
10871502
10772266
10668861
10828218
13519267
10808681
10750012
10829049
10822157
10787001
10761266
10642346
10767781
13971400
10775413
10644745
10640851
10846839
10746552
14168189
10649173
10880524
10769664
10642719
10868941
10641040
10779689
10725640
10696621
10775472
10802026
10830748
10657563
10847982
10699594
10797162
10862055
10756334
10661931
10745329
10816013
10633259
10767360
10786442
10864317
10829084
10732574
10760194
10725207
10753057
14277508
10763170
10803995
10628331
10625500
10735870
10790467
10632050
10792775
10685647
10768867
10676401
10729165
14232601
10779813
10662693
10776747
10834092
14082257
10695457
10753270
10863135
10861005
14258342
10648442
10652202
10671811
10727007
10622157
10624580
10816368
10653887
10851347
10836781
10796629
13929916
10799498
10819755
10721804
10792169
10685765
10667509
10677918
10734245
10762337
10707046
10744678
10754048
10700029
10720841
10744364
10838429
10852402
10894585
10783243
10788010
10813168
10695523
10689977
10794809
10844780
10823420
10894563
10868826
10858027
13925234
10827593
10674349
10877242
10678821
10699054
10631098
10643482
10761189
10742826
10831839
10889688
10853174
10822841
10654772
10656159
10840289
10664874
10618993
10828826
10717589
10715298
10807727
10761993
10673936
10861059
10657160
10726104
10812184
10656054
13979666
14065320
10790186
13972473
10783811
10634780
10822175
10737483
10884566
10662840
10780191
10832087
13789190
10714940
10666483
10677316
10835105
10884374
10638607
10877368
10700625
10856810
10829831
10797584
10742363
10693580
10715440
10649841
10827633
10689402
10862135
10797767
14311261
13482412
10617092
10651740
10796052
10783623
10865569
10757121
10682068
10717650
10643787
10619650
10633917
10714805
10774629
10816188
14356769
10628146
10719074
10864461
10829429
10650165
10819134
10723622
10879792
10633172
10871594
10817285
10744386
10771256
10809800
10621807
14020115
10723839
10659112
14653670
10706608
10765616
10867412
10831580
10871338
10854433
10783980
10745807
10658217
10638783
10766463
10733943
10775533
10706060
10784173
10625310
10821705
10868643
10623543
10650951
10866161
10694320
10703327
10792634
10785280
10675601
10709262
10654900
10875143
10841321
10623702
10820984
10728302
10682707
10648428
10731818
10616758
10869771
10797772
10701497
10825854
10624986
10755613
10666185
14759569
10801451
10803855
10755032
10666086
10718450
10777514
10809811
10764478
10651589
10619896
10624859
10677352
10658406
10859264
10798988
10722647
10839904
10823052
10831613
10671808
10752717
10682973
10795467
10662259
10764228
10799180
11190807
10803155
10866306
10806407
10649212
10832392
10866112
10731013
10829777
10744189
10653567
10808651
10790132
10821582
10672669
10640774
10722398
10825267
10739195
10818977
10796475
10618359
10870124
10895074
10711348
10798022
10795836
10621804
10648061
10728004
10647201
14062538
10838118
13888483
10790053
10853924
10782170
10878894
10838811
14654426
10671754
10740694
10740146
10851430
10871604
10619759
10622965
10764133
10748422
10616507
10826819
10879518
10840396
10892916
14653553
10618344
10829940
10650195
10806811
10769153
14046575
10681988
10674695
10747685
10705419
10747089
10721214
10674293
10703411
10667136
10780546
10893624
14997947
10883042
10723444
10622020
10787174
14027400
14713732
10696769
10635225
10717342
10699940
10652700
10735295
14668683
10756452
10815083
10687624
10710968
14103653
10817080
10701035
10842279
10820726
10735430
10624877
10737050
10878966
10741138
10701780
10654855
10770974
10790945
10733934
10826417
10686222
11533546
10842145
10742933
10712072
10741804
10737404
10854099
10774985
10770218
10768140
10743362
14509521
10871385
10682164
10810261
10711162
10676959
10674257
10708156
10794845
10618056
10743532
10854935
10751228
10754663
10788316
10664036
10685343
10846914
10767859
10859456
13823069
10773862
10875322
14366883
10690394
10662304
10656371
10716099
10889978
10619826
10886833
10820539
10837643
10625788
10777150
10702611
10769923
10625810
10716065
14654368
10801141
10630550
10769906
10620778
10738736
10760983
14763915
10724118
10742112
10806796
10810368
10822327
10729642
10800682
10626059
10665731
10820694
10654220
10812589
10831051
10779255
10705985
14065352
10677502
10784882
10854042
10622779
10732681
10766218
14357718
10770409
10736099
10890906
10725542
10700584
10853744
10789981
10705535
10768320
10895327
10661777
10633451
10704879
10825283
10861572
13978853
13906912
15000301
10765949
10739235
10788978
10803572
10747362
10676621
10787520
10618158
10809940
10732595
10637001
11527467
10803613
10684916
10626232
10687633
10770476
10823076
10700755
10786729
10631369
10658310
10654536
10691070
10742994
10711682
10654508
10877250
10779244
10843581
10737348
10704806
10796091
10883354
10874615
10636081
10628293
10647413
10784753
10753263
10708701
10727188
10699552
10728621
10638824
10761919
10822533
10835697
10768105
10794060
10753098
10821265
10706277
10654614
10733140
10789242
10836973
10864313
10678542
10886304
10637663
10876904
10842779
10742330
10855423
10852050
10787211
10822099
10875681
10747038
10857476
10634399
10867382
10892270
10668287
10845815
10747874
10890125
10642693
10877518
13968110
10643019
10671033
10738065
10850214
10765009
10858995
10755890
10870881
10767190
10712938
10817490
10740568
10629328
10860973
10750692
10726340
10828487
13972323
10678528
10625163
10707840
10870975
14722649
10659103
13971259
10772538
10627397
10783997
10859728
10627088
10702079
10789827
10637890
10621375
10680187
14378534
10715827
10804595
10748843
10807609
10766013
10721553
10749950
10657933
10753181
10703966
10707229
10692982
10713629
10758033
10626767
10746600
10890069
10806858
10759088
10785747
10775734
10619599
10829890
10644952
10708251
10784800
10774209
10890383
10867583
10854359
10781883
10856688
10686499
10672543
10798795
10700976
10714953
10861516
10876490
10799682
10628672
10875586
10701276
10694461
10647042
10811954
10862661
10644015
10793601
10813946
10650028
10838696
10696074
10721603
10888602
10701516
10683185
10710698
10832405
10749871
10830971
10876957
10638200
10652192
10744694
10625345
10699436
10814136
10785603
10638097
10689650
10794169
10745255
10823603
10625115
10802499
10678525
10709850
10691651
10745649
10748198
10819952
10827906
10799798
14065335
10665761
10794083
10785160
10740312
10856147
10649492
10882765
10680508
10765798
10754559
10662916
10690643
10643941
10639725
10771035
10803864
10792892
10675952
10852523
10638628
10811571
10686769
10716893
10662973
10696497
10825792
10866770
10756641
10700188
10847463
10660894
10647716
10796158
10891840
10659048
10684485
10640751
10829787
14202564
10769240
10674635
14387034
10787362
10869798
10794995
10651083
10834433
10853951
13980016
10858874
10725105
10651030
10701187
13972947
10702258
10811581
10753507
10816346
14852680
10634418
10617430
10684760
10821230
10687005
10765724
10683143
10657341
10806157
10669856
10870616
10715308
10857548
14490527
14148665
10884387
10687138
10630402
10664654
14065340
10764758
10828432
10703564
10725099
10663167
10672366
10700687
10832579
10654639
10845061
10643033
14536932
10856502
10744258
10649681
10811349
10791377
10633503
10637088
10808704
10633097
10798772
10875879
10767296
10756355
10866095
10636274
10797436
10819240
10734771
10847414
10820100
10866316
10616887
10885289
10765369
10763294
10859790
10776547
10792620
10844578
10694514
10870559
10640201
10765916
10824447
10659476
10715385
10659095
10739980
10799750
10630901
14334211
10847793
10871846
14024250
10875085
10717176
10853179
10800721
10833746
10867587
10728136
10625072
10628707
10674968
10636532
10619777
10826341
10790939
10709210
10629464
10701241
10758355
10783442
10665239
14505809
14654433
10652222
10620016
14395934
14203398
10746485
10876430
10683993
10761659
10833896
10837357
10637314
10857876
14079068
10739222
14092852
10806287
10778582
10699059
10799871
10782341
10893051
10809475
10759425
10619014
10870095
10640081
10803289
14856430
10747288
10864995
10743818
10893067
10649751
10736536
10670229
10796835
10697948
10858860
10877234
10833777
10773583
10887865
10694525
13791655
10827486
13880558
10753168
10795790
10869229
10861894
10668376
10877565
10616345
10676265
10758087
10807219
10741753
10837532
10740294
10624499
10796037
10759102
10683428
13618283
10741070
10837366
10672391
10709313
10775914
10810422
10870812
10680220
10671915
10648699
10685171
10763753
10689703
10711323
10684612
10760227
14108850
10691511
10663056
14135689
10778796
10774156
10747275
10756692
10635990
10631977
10763864
10861374
10676395
10705867
10795177
10729283
10849115
10727029
10838779
10792699
10874231
10652793
13969164
10697622
10654709
10737264
10892393
10787473
10647762
14123307
10746691
10845315
10843331
10692523
10724613
10778832
13970270
14285561
10873840
13576681
10688851
10617868
10634190
10739782
14451172
10871862
10780319
10852556
10867597
10845189
10767668
10826620
10676814
10699249
14294619
10796860
10866128
10618776
10667327
10865701
10715133
10693014
10641569
10697673
10886915
10885360
10676668
10817684
10884890
10839650
10751140
10644427
10895395
11527465
10756204
10825635
10679828
10842172
10823313
10673838
10756035
10663531
10675412
10809011
10821610
10707754
10824910
15025353
10712398
10785658
10831281
10752040
10797128
10756663
10640004
14285562
10829663
10697428
10680527
10738250
10649146
14293924
10867525
10867070
10712047
10870988
10741282
10648149
10728373
10755236
10652930
10763880
10682343
10765637
10640965
10814033
10635249
10660657
10726974
10892282
14668677
10755410
10661390
10716370
10742190
10813529
10640813
10863045
10880278
10623748
10895254
10877904
10705331
10814045
10638837
10796821
10742842
10631423
10696755
10800749
10846281
10795353
14680594
10791786
10713103
10716959
10838980
10762331
10725389
10743744
10770904
10864051
10788594
10743864
10849085
10642306
10786759
10860822
13837707
10658906
10663361
10848810
10815644
10829082
10644214
10622969
10781057
10753697
10683188
10771209
10870172
10673317
10720375
10867252
10893396
10779491
10842991
10632750
10688639
10635184
10660387
11191070
14068126
10632264
10787430
10679287
10705817
10731235
10768699
10875762
10667460
10889972
10624524
10720165
10728749
10811095
10708655
10644548
10817740
10664595
10711167
10802423
10848714
10762758
14070923
10848663
10685534
10640360
10653040
10850911
10687586
10697154
14083114
10800731
10618000
10779709
10826842
10717202
10841559
10885888
10690649
10888657
10682226
10684665
10827579
10829001
10873537
10660997
10840818
10840553
10709656
10833342
10729225
10690994
10627028
10790045
10721338
10695856
10876858
10650290
10851531
10849740
10760714
10759313
13910233
10618709
13859967
10714109
14357707
10798087
10864161
10848931
10692415
10785720
10620922
10712225
10774957
10887988
10710232
10717531
10796147
10726727
10759769
13859964
10699098
10681822
10743927
10655332
10831603
10852705
10819320
14222223
10640074
10750136
10659087
10875713
10640505
10811339
14239886
10739592
10660603
10863856
10856107
10727052
10886430
10721582
10850048
10814019
10682579
10763587
10852848
10829741
10843934
10620117
10835532
10691831
10658047
13845055
10816003
10643086
10857860
10831095
10772408
10736954
10677165
10857629
13896615
10880900
10689153
10771088
10794600
10862056
10712855
14541642
10787218
10773265
10724183
10687701
10726428
13869091
10852013
10821135
10832804
10816758
10689303
10723314
14509537
10827102
10654611
10636584
10643874
10886688
13972206
10707841
10841143
10627842
10708012
10717856
10801930
10655594
10658212
10774207
10662125
10853748
10763740
10805331
10828205
10680128
10715396
10703788
10630844
10626095
10651049
10747384
10770323
13973696
10767341
10648093
10830373
15026335
10735440
10858411
10713598
14703407
10764774
10835866
10837579
10714513
10787144
14649673
10654835
14248673
10696615
10728336
10867522
10814508
10890518
10722389
10850000
10786970
10641785
10811322
10727154
10639010
10767398
13973555
10719823
10729564
10744612
14799924
10891001
10621265
10783792
10628647
10894846
10739953
10779177
10732631
10694988
14766091
10771162
14345644
10774667
10796877
10748425
10640206
10768960
10729620
10760867
10661132
10680465
10853593
10846594
10792042
10827533
10813898
10769193
10792406
10680574
10766866
10739871
10689728
10820333
10737192
10650163
10732006
10888424
10683123
10754854
10810474
10764100
10736672
10802529
10868968
10791997
10886324
10883051
10723678
10728939
10619177
10844995
10813366
10819897
10631824
10672576
10890215
10797390
10636834
10656485
10891305
10759717
10868372
10637935
10863705
10630538
10831888
10734730
10870145
10629647
10804902
10618061
10866187
10710111
10654579
10762731
14102901
10795744
10807414
14153996
10665503
10637785
10842321
10668040
10780009
10787063
10626318
10644420
10844627
10632803
10858459
10811567
10781038
10749535
10894501
10877801
10683107
10734230
10799136
10659397
10685259
10640271
10626051
14296421
13482474
10895779
10818652
10732329
10871775
10632637
10788076
10842062
10822518
10886213
10663727
10632725
10842736
14121931
14135720
10816515
10793733
10631265
10815847
10811927
10702126
10886357
10825706
10765227
10644779
10737858
10687458
10794641
10658048
10676410
10689567
10665809
10826355
10684026
10769379
10781791
10646019
10844227
10835424
15079364
10677116
14110293
10863782
10877342
10651485
10759731
10689863
10792093
10636696
10881066
10847798
10703256
14233656
10821249
10718622
10633189
10879719
10851603
10645352
14297221
10698587
10810738
10769829
10682866
10819191
10852172
10805992
10825560
10847511
10726031
10803373
10762922
14207904
10750461
10817671
10674518
14103612
10877433
10753079
10677527
10620604
10812688
10779080
10863289
10856856
10683654
10713999
10640600
10723664
10623269
10719057
14310723
10789797
10840733
10629682
10787166
10670693
10623865
10687110
10642651
10706881
10811144
10776864
10853662
11527362
10759536
14860595
10855129
10810212
10765173
10653176
10721032
10839515
10711514
10737729
10821461
10783033
10750828
10794405
10861489
10659936
10893201
10784140
10684509
10845595
10845582
10763830
10622179
10875327
10801866
10770354
10781774
10791273
10657306
10862350
10814408
14513220
10846238
10863704
10820244
14558458
10780493
10705437
10821752
10688394
10778795
10746809
10639957
10679110
10701419
10862025
10732216
10893368
10707664
10742030
10779422
10818458
10821416
10838222
10722436
10705276
10845039
10789226
10883007
10734579
10884053
10886103
10824053
10641136
10841607
10853816
10676334
10851985
10844527
10753959
10872779
10753877
10856621
10796083
10863517
10681255
10670483
10821584
10692997
10837088
10832421
10760828
10750268
10770771
10810097
10751253
10776759
10710120
10654229
10712767
10657296
10745933
10775551
10809123
10838491
10776196
10746858
10759836
10647884
10843385
10770542
10854873
10795853
10815098
10723653
10785364
10692364
10663017
10702857
10729659
10817485
10663366
10748544
10697615
10827252
10673498
10731483
10759639
10878429
10853698
10701870
10678219
10805018
10695608
10814740
10852434
10852082
10828981
10825184
10798662
10722487
10736977
10782129
10617904
10642118
10838443
10803577
10826660
14854976
10711733
10758831
10866399
10782794
10696785
10670929
10679834
10665208
10706949
10828850
10877811
10715158
10746810
10850826
10626220
10831227
10760581
10632468
10660194
10833037
10876463
10775481
10638484
10796458
10667746
10783642
10827207
10846807
10785922
10804644
10749170
10826261
10643289
10849973
10632045
10727417
10680003
10751430
10653413
14306292
10620144
10790673
10816640
10849896
10705866
10643731
10730042
14293836
10828890
10705903
10645326
10691355
10736787
10851033
10802534
14055956
10853683
10725771
10698708
13976272
10882072
10646303
14036296
10764004
10838007
10706827
10786184
10673732
10840149
14158710
10655346
10700287
10784106
10642390
10775157
10740537
10892984
10697242
10651988
13971365
10787434
10778025
10737675
10782254
10860012
10778058
14833155
10762919
10702948
10617191
10716852
10838392
10836935
10692862
10670813
10826744
10790439
10706806
10689077
10854238
10669400
14229025
14549227
10787565
10848494
10640176
10616524
10733954
10765299
10645398
10773935
10778536
10645553
10711603
10789924
10713414
10783215
10800037
10741423
10843341
10677210
10767451
10623716
10773526
10768648
10740421
10627521
10760171
10857492
10797354
10891106
10865241
10722616
10692169
10659034
10672044
10828140
10743931
10815072
10838690
10854115
10792944
13979743
10670948
10755944
14838899
10758729
14090056
10750314
10727731
10706619
10853265
10752006
10757315
14161279
10890148
10806625
10861053
10776578
10871978
10857648
10771080
10814477
10645475
10763105
10750537
10889540
10828978
10849878
14923592
10773597
10823262
10820053
10708102
10655565
10692180
10784663
10706513
14396913
10667135
10878287
10872441
10740428
10780590
10672240
10722252
10865663
10667635
10647805
10676182
10768356
10701646
10828192
10680688
10817827
10710814
10823481
10857336
10815423
10695209
10846338
10785392
10792726
10623256
14833544
10730655
10785492
10733550
10664114
10672064
10646627
10800235
10807192
10869781
10894802
10818756
10727851
10833749
10859259
10717117
10647419
10718944
10775056
10835759
10625883
10696170
10787521
10658436
10735653
10819356
10621937
10825764
14229035
10811907
10783159
10705348
10888386
10831446
10816337
10820154
10720475
10674060
10665483
10859278
10695096
10772740
10892168
10793939
10765347
10836627
10753404
10763640
10812661
10747139
14187103
10829115
10686940
10878789
10801343
10737587
10834064
10764741
10674530
10658015
10894550
10708466
10729281
10749543
10705640
10779340
10767258
14286828
10845781
10857944
14361060
10807541
10722391
10647862
10878829
10620240
10878121
10660732
10871662
10678064
10647455
10694213
10687267
10711871
10641824
10870838
10759528
10698251
10793990
10866109
10775970
10746367
10747672
14532599
10694715
10814015
10779575
10689826
10643186
10685197
14235366
10753967
10628437
10815823
10713109
10850095
10700877
10809511
10676014
10700871
14244261
10694328
10723113
10798878
10795187
10699392
10833826
10862045
10626826
10656155
10671162
10828816
10778432
10710985
10743303
10649367
10856517
10789342
10735505
10691804
10736948
10875338
10790172
10728693
10840510
10719155
10852831
10696298
10633316
10805587
10794727
10763670
10780038
13972463
10762582
10855401
10799860
10772639
10766261
10738747
10693564
10682109
14135840
10786811
10675206
10754237
10709963
10854242
10749327
10776889
10664741
10624996
10858448
10689952
10801951
10870153
14346299
10785129
10644484
10758952
10707871
13729880
10827456
10873300
10661361
10630177
10777757
10719740
10785849
10625637
10655491
10650971
10889984
14675065
10892192
10809635
10691130
10772671
10746533
10738865
10635974
10773741
13976977
10616321
10705022
10762370
10656462
10735334
13732441
10895181
10841276
14222221
10862805
10754455
10872916
10808305
10754995
10781952
10622594
10716292
10870148
10707044
14837958
13997866
10803687
10797756
10832336
10633355
10869164
10639153
10823300
10641556
10817536
10694981
10806985
10627610
10634464
10706107
10691652
10629661
10702756
10740814
10686338
14142151
10759140
10776637
10892814
10731705
10737840
15008271
10883559
10724462
13972228
10826213
10721319
10627857
10694708
10836009
10827087
10884996
10872190
10723984
10893751
10643548
10826822
14233688
10836870
10739946
13496102
10720505
10671378
10797358
15008250
10828004
10835583
10774600
10770068
10645714
10723011
10625993
10754606
10639331
10664321
10658230
10658257
10702374
10723722
10793243
14291530
10867441
10784631
10852226
10771829
10800814
10824109
10634594
10874682
10647806
10710871
10728947
10752610
10866549
10689175
14355780
10679775
10687906
10836716
13509540
10847026
14561614
10626418
10864409
10712269
10694551
14108793
10720930
10661111
14666007
10774387
10782316
10703587
10739653
10722198
10660040
10735032
10843611
10814398
10773175
10638428
10743900
10759770
10844519
10643243
10713748
13845110
10626038
14135834
10732217
10745470
10674283
10707374
10695751
10852549
10838424
10631462
10844825
10646444
10876085
10710560
10717645
10847170
10695298
10881592
10659760
10872062
14257616
10811726
10820283
10730768
10633124
10658390
10834690
10634301
14729653
10859707
10840702
10657899
10857684
14678745
10650850
10624470
10874755
10740697
10701166
10707791
10892423
14077833
10702982
10840839
10802085
10770319
10805824
10638500
10822728
10857998
10786101
10647162
14293901
10752016
10779973
10869833
10643802
14678795
10681573
10643619
10759244
10650562
10681632
10745335
10756726
10702276
10867122
13896567
14509526
15019295
10622320
14532863
14026611
10894417
10715464
14676657
10765017
10639046
10749808
10699131
10761911
10699442
10779796
10751142
10895736
10734652
10836859
10782373
10677732
10680773
10822135
10844212
10715976
10814297
10663662
10673415
10775641
10696699
10634564
10770618
10703811
10711941
14693715
10704236
10792175
10835462
10645988
10641486
10690417
10684022
10656889
10803649
10724029
10735466
10703341
10863605
10730794
10872802
10673167
10774282
10760794
10893033
10785973
10650639
10683791
13976921
10662670
10663533
10792929
10693915
10771468
10831214
10767222
10708766
10865581
10875390
10690427
10730426
10709732
10638071
10853872
10663403
10840404
10709436
10812598
10768263
10722841
10873042
14709657
10883630
10820034
10657975
10770448
10700335
10780349
10747859
10777934
10744767
10640691
10793121
10808564
10715198
14387000
10841808
10871120
10831357
10852299
10812579
10808164
10814836
10715134
10709629
10798634
10774109
10875097
10828791
10852337
10863112
10864942
10693304
10825228
10765872
10767971
10885131
15017291
10695591
10791053
13966544
10696947
10888725
10866539
10755756
10818545
10624074
10636673
10707032
10821981
14035057
10885754
10637419
14356685
10728045
10669197
10874223
10810405
10642572
10832236
14102165
10628186
10805143
10825685
10705661
10750658
10651838
10858406
10736765
10798218
10850790
10660844
10828240
10861420
10632364
10745759
13969045
10625367
10784794
10784395
10883207
10796724
10839620
10801226
10821541
10755982
10748961
10844098
14222248
10870302
10618281
10874086
10729256
10680208
10674300
10719524
10804913
10687424
10773560
10650676
10766557
10859433
10775469
10880054
10746095
10641850
10679673
10823018
14951559
10803340
10847292
10623766
10653995
10634467
10661652
10787084
10806171
10825341
10888469
10790437
10721964
10859252
10806123
10882021
10820605
10751515
13979949
10842447
10864264
10694772
10650764
10763542
10723268
14675616
10701198
10758094
10661779
10882675
10744056
10635149
10754953
10689658
10840648
10809707
10746433
10821127
14233662
10811112
10671385
10737942
10861519
10794748
10809601
10723078
10717036
10627008
10747887
10707321
10620978
10759886
10884826
10716487
10737183
10748313
10757636
10676827
10727769
10834386
10647446
10808695
10813074
10743819
10802931
10872498
10711132
10888828
10751257
10761555
10709059
10852446
10633050
10737935
10831762
14995602
10685451
10699627
10673319
10696586
10765928
10780592
10712034
10736285
10627532
10799325
10755864
10880366
10635031
15013902
10682618
10662168
10653200
10647105
10858073
10791250
10636894
10868278
10680335
10807082
10672471
10745876
10760012
10805607
10868523
10838976
11533549
10872085
10878129
10742498
10813639
10684410
10659720
10687656
10714445
15004808
10731691
10875473
10805812
10679388
10893107
10653012
10829695
10705153
14235401
14448466
10815498
10724140
14366137
10778767
10624187
10865155
10843316
10719683
10664138
10834490
10850652
10710213
10841323
14347178
10857301
10644389
10779875
10790910
10872078
10894540
10711353
13551821
10654833
10737598
10890242
14100365
14027321
10720723
10722126
10638437
10824369
10708096
10673098
10876790
13973063
10880758
10643781
10789743
10869801
10723309
10626962
10682700
10799652
10847808
10831575
10771210
10856376
10676623
10620444
10781352
10825535
10753616
10880117
10838350
10762099
10672826
10845710
10674626
10773364
10776636
10701373
14323755
10725339
10857656
10882410
10844408
10632884
10841594
10641684
10796633
10662632
10802229
10642535
10875296
10752791
10786029
10761624
10859913
10640712
10767206
10713149
10806359
10783718
10767434
10773034
10857069
10739365
10839510
10676394
10862991
10844734
10855300
10814700
10811363
14814222
10729527
10640211
10769667
10690240
10721192
10861054
10677460
10689061
10795729
10686759
10700198
10879256
10799211
10663130
10637132
10718517
10714748
14669319
10704112
10787299
14433581
10663102
10678873
10810751
10622697
10862269
10793265
10754123
14766031
10816869
10729631
10888742
10682956
10673351
10771369
10784598
10678297
10722681
10858381
13972030
10632512
14708404
10647226
10734610
10822173
10707553
10736276
10797613
10775953
10801956
10718425
10805745
10720216
10660283
10844985
10801298
14142320
10725617
10712080
10845948
10845475
10675214
13483900
10687358
10649613
10725916
10626096
10653268
10878014
10702837
10644652
10726213
10849157
10648651
10670421
10747828
14372309
10691341
10740191
14654375
10820909
10785437
10644595
10816447
10648817
10618992
10780539
10826988
10772194
13819276
10892497
10804505
10829782
10662529
10828723
10654087
10863206
10843845
10640337
10640884
10730456
10750842
10672238
10854554
14824323
10807176
10784016
10827617
10620233
10738879
10646975
10770239
10878706
10679190
10884107
10783819
10692823
10722121
10832172
10701267
10769097
10653393
10854985
14224536
10701638
10852383
10875748
10749249
10626154
10759724
10706726
13936822
10686015
10853420
10861959
10685843
10862849
10623196
10682508
10642883
10755625
10676649
10730711
10874113
10755137
10811512
10626211
10699420
10747588
10791100
10883073
10805663
10783205
10771107
10806938
10761168
10764447
10833513
10840763
10742563
10685794
10803360
10661975
10841227
10843494
10745812
10835594
14567174
10776753
10733255
10740351
10763200
10663658
10619486
10702515
10735041
10857959
10682744
10888832
10748782
10887435
10652900
10740490
10795296
10675626
10710439
10894578
15008254
10773874
10747977
10851444
10838812
10833048
10832954
10744057
14311891
10658733
10757738
10860991
10705995
10857821
10677014
10627665
10785633
10629034
10791950
10732159
10736395
10712253
10786696
14122709
10754709
10681917
10862861
10712324
10766020
10656682
10664555
14100343
10818758
10761893
10678767
10677852
10840562
10671909
10822043
13949202
10810567
13974314
10888870
14435975
10842124
10783320
14078424
10867590
10876840
10705048
10687348
10893244
10691848
10630760
10734004
10682199
10775099
14175569
10764938
14726022
10769596
13978654
10794722
10788649
10819098
10745682
14250883
14836024
10769354
10823521
10695283
10771638
10617860
10625286
10814647
10779853
10804837
10827027
10683011
10849345
10688458
10876211
10787197
10817364
10820972
10684956
10848028
10754393
10736293
10773676
10881682
10732271
10700938
10893039
10738429
10842442
10733703
10883987
10801585
10637754
10664234
10865146
10872090
14016949
10742409
10751035
10686360
10649929
14102114
10668801
10714795
10681619
10663123
10832803
10772363
10665579
10620391
10790178
10639212
10884010
14842104
10664996
10782189
10736727
10673799
10617572
10832442
10777276
10887946
10786842
10640094
10893578
10835352
10742796
10766518
10823733
10637693
10803210
10697289
10850472
10876157
10741463
10762014
10758682
10865332
10686980
10832033
10754581
10679850
10638021
10707315
10657546
14292046
10663509
10841857
10852235
10706202
10691134
10891388
10767714
10669131
10828088
10865832
10836065
10621351
10789209
10766600
10792422
10835610
10767488
10675679
10861434
10751965
10839583
10849599
10677633
10666984
10702247
10748862
10648502
10786841
10878030
14069264
10741594
10889577
10652342
10684615
10627325
10759958
10729773
10671987
10717651
10663987
10685442
10774611
10770702
10853955
10685668
10762842
10740649
10797885
10749013
10875939
10763381
10794310
10654499
10675143
10667364
10758756
10869815
10703980
10669054
10796547
10710351
10784108
10766201
10837314
10826441
10640653
10672104
14252403
10675920
10856969
10819962
10810239
13973084
10874380
10640311
10868056
10687485
14664814
10669420
10797905
10767300
10750831
10850306
10873068
10858629
10719627
14032319
10789803
10749480
10873623
10871675
10648176
10752385
10655080
10727260
10714112
10648875
10763912
10694891
10773138
10647407
10802973
10794902
10830143
10834774
10760399
10746160
10783398
10618732
10892285
10758652
10797828
10874394
14226824
10661882
10689124
10860475
10686349
10710223
10693836
10757382
10681031
10709443
14100415
10654461
10845378
10678922
10631919
10749939
10742148
10864126
14293866
10689653
10755211
10828651
10828410
10617060
14808947
13982322
10827867
10748577
10725825
10811770
10720730
10649382
10621682
10781590
10714613
10825379
10813421
15076791
10677440
10677894
10706899
10621193
10685120
10851578
10732978
10795755
10746397
10876972
10787721
14192287
10884096
10865340
10730487
10863207
10713148
10826957
10706304
10746790
10823654
10771082
13861869
14142206
10748497
10741409
10848402
10797019
10817464
14835224
10646776
10756446
10813767
14145276
13974230
10887634
10885746
10756054
10734357
14071042
10766655
10617843
10786425
10685748
14767969
10759065
10681899
10698182
10679699
10646903
10856593
10786342
10751653
10733209
10844399
10714967
10759967
10683851
10852272
10725431
10633688
10862077
10681078
10832248
10730216
10678210
10708098
10620557
10888433
10649318
10734716
10752613
10679306
10679615
10664332
10823690
10798572
10681015
10699128
10635969
10616537
10883829
10719235
14508663
10755880
10675670
10730432
10825664
10781963
10880343
13972485
10668443
10826359
10735557
10651029
10836306
10859966
10750064
10627021
10618765
10886066
10769565
10687434
14108798
10656510
10868951
10717847
10888614
10634799
10680050
10866223
10698514
10712707
10770031
10709617
10650161
13908329
10793950
10666907
10846628
14773300
10712828
10760416
10855013
10892213
10631039
10820119
10694043
10630916
10689797
10704642
14188764
10646115
10774059
10660057
10737967
10656998
10673136
10650109
10669105
10714342
10842980
10820723
10706006
10800615
10788630
10694256
10630113
10825323
10725424
10812777
10817430
10728295
10785060
10619414
10846321
10751792
10876138
10891028
10768574
10755286
10641986
10659350
10682381
10649826
10686992
10665787
10623853
10694673
10809534
10877246
10822459
10656204
10731167
10685588
10747435
10877876
13910026
10883438
10622520
10878895
10643228
10808642
10722722
10821019
10747450
10874191
10727915
10872976
10860036
10838516
10701233
10678746
10884635
13790366
10688289
10849613
10676981
10620475
14204729
14327860
10820892
10895573
10750290
10720497
14245839
10805523
10862070
10801111
10689900
10834363
10842097
10774001
10715402
10867023
10619764
10645550
13943310
10773323
10764988
10820216
10669750
10741842
10880217
10732041
10808321
10744752
10684950
10828604
10821209
10738885
10734976
10864085
10784083
10733991
10757856
10675123
10706016
10667553
10643414
10856289
10645196
14361933
10805134
10629687
10813367
10746764
10687264
10653489
10643064
10672521
10880895
10620147
10673341
10651481
10714925
10630460
10878887
10682163
10816728
10722896
10828549
14405506
10833712
10843924
10646197
10631795
10816602
10831080
10645045
10857696
10647836
10816424
10795216
10829669
10763989
10856715
10715622
10664033
10719722
10639583
10682824
10797287
10638072
13618326
10844131
10741696
13996487
10791518
10683357
10880216
15002109
14199431
10772490
10639903
10848834
10775897
10665042
10776737
10697862
10719460
10867316
10733232
10876405
10750997
10639699
10813050
10701779
10771649
10643742
10829657
10695204
10810420
10828963
10676852
10890432
14154671
10892803
10623380
10759887
10625586
10790434
10634990
10691301
10845699
14320157
10781047
10824516
10730158
10741373
10678626
10870917
10677778
10692072
10668533
10881287
10837772
10809441
10825973
10643026
10848416
13969393
10748599
10696863
14046875
10707809
10746981
10766832
10816849
10635416
13969297
10762396
10812333
10864909
10703579
10621596
10871257
10856041
10734282
10759564
10801991
10794609
10666244
10616973
10805777
10844957
14240943
10789558
10668868
10811380
10811727
10635378
10801435
10738569
10803300
10630886
10722111
10661035
14344977
14311251
10768585
10773063
10873203
10676049
10851684
10796814
10794949
10894506
10778464
10772096
10636419
10774548
14664819
10822545
10829688
10828294
10699466
14162174
10766436
10642777
10829814
10862610
10736021
10821275
10648459
10834423
10655124
10860522
10820646
10723750
10846838
10641504
13980932
10851057
10723991
10710090
10659037
10637457
10635781
10874885
10673379
10630364
10826094
10643718
10861897
10715603
10775812
10666251
10773805
10774816
10832036
13976955
10740129
14352283
10876740
10777173
10669511
10805140
10785175
10850769
10630486
10784433
10772318
14895954
10817699
10739103
10637268
10665252
10667862
10753555
10673426
10843551
10618340
10762975
10868599
10772306
10681218
10622590
10863086
14420870
10688633
10679646
10867941
10823254
10818941
10753438
10749017
10786620
10678904
10833211
10830726
10713752
10655425
14048457
10751492
10664966
10779892
10832270
10727902
10892358
10814637
10874188
10771398
10778395
10653753
13677551
10827488
10757894
10863196
10712135
10737016
10686216
10890470
10648118
10836024
10856707
10873384
10689938
10879006
10876766
10819397
10792117
10617878
10647718
10786718
10885604
10755490
10690704
10668923
10874743
10641746
10762104
10660870
10758635
10650481
14283217
10651491
10869226
10895398
10854648
10719804
10811555
10847773
10648579
10882459
10729059
10788328
10667027
10811740
10876345
10701020
10755134
10630160
10840418
10669931
10632482
10851432
10654596
10657888
10646390
10870113
10805381
14923755
10658458
10828313
10833897
10842569
10768561
10675574
10824417
10726851
10616749
10866645
10797956
15003367
10694228
10822218
10672006
10820525
10665710
10668891
10639810
10865362
10702908
10877153
10647779
10837131
14259394
10781058
10895155
10798440
10701999
10791115
10762756
10888845
10866942
10815227
10668119
14207097
14100489
10660922
10831855
11190802
10628684
10703339
10811545
10778421
10620083
10698872
10677130
10686079
10888115
10678242
10893618
10633657
10700530
10745877
10839967
10797346
13943963
10708350
10884409
10700502
10686648
10636774
10748781
10882480
14026794
10807634
10646414
10645210
10775706
10778819
10846296
10737255
10761496
10718635
10887577
10628582
10810766
10649683
10656078
10757778
10834018
10750987
10746108
10706885
10748366
14451178
10828361
10813351
10860277
10665869
10625273
10834997
10674712
10691647
10765881
14377223
10870345
10863883
10658180
10771184
10748095
10713247
10848404
10642023
10830189
10643066
10641107
10868805
10882131
10618905
10616795
10649824
10850279
10711784
10683384
10879636
10774965
10781672
10806132
10763304
10778506
10642979
10690536
10839752
10855219
10882839
10835580
10740897
10694458
10891609
10648518
10626963
10813238
10773791
10881749
10642629
10625059
10681221
10710597
10873773
10748983
10688987
10727891
10637593
10617479
10637974
10637858
10844055
10817725
10639248
10636729
10867286
10673130
10783651
10661691
10726478
10884057
10654471
10780999
14360181
10682022
10650136
10873119
13945603
10760086
10892044
10806629
10809819
10891081
10791228
10800530
10667413
10822363
10802625
10705342
10866312
10705704
10888356
10870055
10708091
10626981
10809561
10862583
10621270
10647693
10760438
10892639
10716633
10821326
10800313
10756989
10788916
10862039
10799723
10748783
10621727
10848428
10625933
10667248
10761424
14046892
10655590
14509512
10794226
10657876
10822301
10764041
14236657
10649880
10860280
10659041
10655536
10871586
10717738
10619515
10635120
14183367
10849465
14679379
10642753
10837394
10684691
10747071
10697103
10687513
10698851
10831700
10886238
10819953
10872753
10862009
10670153
14187144
10883298
10783142
10798808
10836596
14344930
10723670
10838464
10778551
10703804
10741999
10776846
10805324
10640366
14278241
10673974
10869076
10698087
10760563
10642790
10741374
10878235
10629218
10776979
10748730
10727162
10821043
10688858
10814563
10617113
10758122
10670365
13972077
10727220
10628658
10886817
10806581
10799951
10643716
10720050
10703680
10723829
14113111
10849133
10884182
10738243
10691072
10748811
10885559
10831266
10830280
10868527
10783846
10823649
10715828
10792024
10699718
10805990
10859799
10881515
14066099
10804737
10750011
10697654
10696416
10659114
10627201
10804926
10714097
10681626
10657644
10835726
10670170
10827805
14102188
10731821
10722141
10741350
10844270
10672922
10859235
10891261
10632005
10866071
10619609
10843906
10783366
10791806
10689940
10624710
10763702
14758708
10873798
10849106
10748040
10760017
10805865
10859837
10829959
10700192
10716990
10679419
10856234
10670826
10824349
10661442
10662478
10796566
10726032
10882254
10638959
14263332
10626439
10884889
10676985
10625673
10829246
10755968
10635659
10826908
10821006
10701814
10654907
10750345
10758375
10640173
10633770
10740748
10892029
10635684
10699198
10642681
10833032
10873982
10678247
10862657
10886029
10738281
10698227
10835099
10845033
10638299
10827452
14239902
10719989
10862276
10745743
10641077
10838643
10683683
10684049
10623509
10655273
10721438
10814927
10660043
10781661
10867310
10796203
10649289
14805915
10827275
10655676
10631693
15013162
10641513
10781619
10661028
10732762
10622013
10829957
10659924
10647590
10842261
10707160
10708923
10844119
10691828
10651080
10833608
10701758
10765828
10621692
10826327
10675158
10663127
10793716
10632937
10834860
10866028
10719803
10848091
10819115
10788914
10723730
10854477
10808608
10676192
10771955
10820023
10755395
10765290
14013380
10695142
10708749
10862379
10825948
10707408
10788852
10845807
10760545
10848929
10832388
14224540
10755728
10797127
10745593
14349335
10839998
10835066
10645687
10649248
10691472
10647873
10633466
10885471
10828143
14668043
10762354
10703617
10667185
10789741
10733599
15061599
10674406
14717527
10666279
10709892
10799291
10858378
10689891
10791685
10622169
10819636
13971353
10620277
10848650
10771635
10745299
10879120
10800122
10814365
10844981
10650049
10864670
10790087
10712733
10617278
10793371
10778821
10730382
14083169
10812011
10888578
10730491
10633889
10789831
10777632
10757502
10844089
10689810
10709587
10745701
10655559
10622543
10716150
10660303
10631810
10667034
10648256
10824052
10621133
10870867
10739529
10648868
14805855
10827980
10858659
10843152
10832907
10749585
10839466
10793661
10649060
10842512
14113150
10860395
10700699
10854906
10708338
10666553
14207205
10880710
10883521
10729626
10625622
10778674
10746991
10852301
10832326
10734458
10732995
10749061
10642599
10718829
10831783
10862431
10620020
10778485
10782650
10688450
10683658
10844624
10811673
10673131
10834439
10674688
10673757
10891708
10845695
10693258
10625862
10795098
10674723
15008498
10672685
10843019
10641910
10880456
10686871
10700284
10715534
10621473
10767071
10723797
10830100
10796440
10877339
10770615
10848206
10783773
13975274
10648010
10693263
10812583
10617815
10815844
10806975
10784250
10738278
10762448
10658608
10641380
14805777
10865171
10880590
10646880
10805556
10761924
10804918
10686570
10786918
10681105
10768762
10691943
10742182
10812321
10814625
10639757
10870756
10640190
10848601
10845626
10812939
10673730
10700979
10652697
10883148
10679141
10717748
10895666
10749111
10895009
10887395
10868967
10637889
10617714
10857742
10852792
10810707
10706967
10730617
13519370
13597130
10755628
10856821
14766117
14934949
10741131
10670024
10867848
10624064
10806900
10759015
10762734
10809787
10817926
10772134
10802012
10677840
10710982
10729196
10681397
10673261
10866365
10674254
10675376
10708553
10637224
10713081
10873996
10644342
10690111
10746089
10734266
10642431
10827188
10792801
10727887
10730430
10690682
10733828
10619683
14271755
10684074
10641976
10769511
13914174
10778066
10684424
10888173
10770444
10768922
14046445
14144456
10877027
10759396
10704129
10854780
14825193
10668101
10692140
10843191
14278197
10845244
10847510
10879732
10882452
14036383
14314077
10655981
10672565
10735789
10680320
10808358
10704597
10844821
10648714
10728898
10891773
10766696
10849352
10705215
10700333
10864643
10739217
10833716
10629995
10693896
10691822
14553591
10780110
10736900
10874913
10626700
10814782
10683386
10815656
10620771
10759383
10873814
14665075
10825696
10706679
10634565
10807009
10894441
10683292
14233684
10757034
10891614
10696927
10741896
10826548
10784686
10681393
10873336
10804867
13937975
14283214
10809744
10846235
10783490
10848415
10865881
10887260
10720431
10797655
10697627
10717313
10829721
10790358
14010436
10676509
10646796
10751589
10687679
10764121
10761396
10839622
10805626
10632105
14856447
10683725
10732726
10738061
10618842
10677441
10831238
14018065
10783778
10810309
10773008
10780311
10860959
10880034
10807396
10801893
10745873
10890308
10855016
10686894
10800478
10638948
10698163
10815358
10649002
10856175
10713867
10618262
10811374
10636126
10706518
14934931
10791368
10699935
10749881
10769488
10849906
10746953
10848308
14299489
10760286
10769900
10833888
10787783
14064294
10808240
10728664
10673087
10691797
10629033
13502272
14323780
10661144
14299479
10650815
10864087
10838192
10710834
10756959
10889844
14028439
10747689
10738439
10703539
10626047
14184678
10726833
10873217
10808388
10730109
10864115
10751655
10681878
10891165
10713574
10779882
10755770
10887910
10790447
10840335
10869006
10798577
10835510
10874101
10635012
10806192
14539173
10703074
10669557
10655270
10887495
10628458
10741187
10811769
10711538
10773907
10814273
10725244
10773245
10867918
10774790
10741387
10889087
10730670
10669273
10749702
10702058
10657552
10884381
10675999
10627417
10636455
10833558
14160911
14293011
10634401
10677538
10762859
10888348
10731228
10765701
10847834
15047446
10685989
10810938
10689274
10840254
10647621
14056170
10668526
14558386
10691753
10816847
10735496
10698508
10738727
10862441
10706037
10890245
10825841
10855661
10640326
10785189
10702944
10680799
10858436
10683522
10635654
14262847
10792685
10736403
15045881
10680073
10686106
10872750
10683838
14179416
10678380
10738513
14655337
10785150
10815187
10635543
10751586
10675904
13858738
10659739
10818435
10674670
14113109
10891849
11527210
10632062
10707936
10814607
10840675
10808374
10678310
10857602
10890728
10876572
10826467
10641091
10795896
10630162
10745471
10723375
10852534
10705060
10757586
10872696
10625536
10845905
14368425
10713245
10860213
10888682
10620073
10826854
10774583
10656736
10705326
10844400
10702504
10768262
10713278
10893726
10737029
14357632
10662094
10676468
10807425
10741353
10639346
10740953
13902213
10677578
10617896
10823425
10700390
10888838
10652538
10692042
10801338
10759000
10798567
10786636
10745869
10767797
15010675
10660662
10823631
10629789
10804136
10851898
14531649
10799335
10832553
10669608
10750798
10690463
10808095
10813298
10683930
10890766
10792401
10669597
10730632
10669373
14047664
10652874
10728899
10768528
10722756
10791996
10640767
10664815
10883193
10624441
10679239
10696874
10860895
14651938
10828016
10730486
10817334
10833621
10843371
10856066
10841486
10636283
10718718
10642843
10632053
10668342
10833745
10774935
10727161
14077742
10719264
10679268
10885448
10785839
10837986
10709383
10680413
10818212
10807697
10842891
10634537
10657646
10683709
10788179
10626787
10813638
10759402
10632281
10692611
10881449
10752684
10887013
10705658
10868929
10805058
10877450
10782731
10683917
10891647
14553682
10641038
10631173
10847465
10871117
10623480
10786325
10740978
10859335
10799870
10853053
10647314
10815877
13977477
10657946
10710415
14036961
10771126
10630081
10838252
10671628
10671740
10855032
10641991
10848439
10730045
10889402
10801313
10677245
13482323
10808028
10710023
10771890
10718997
10715426
10704368
10656690
10855673
10776436
10769082
10717155
10767909
10750533
10687448
14804260
10830868
10746014
10695088
10710307
14082381
14271757
10639539
10824582
10657489
14372305
10787345
14286870
10697447
10856767
10617188
10826622
10637868
15005984
10659902
10885654
10817141
10733367
10652818
10787633
10632253
10652313
10630647
10788105
10838574
10706110
13970473
10827780
10807648
10842884
10868123
10728568
10821974
10786831
10676582
10626624
10761372
10681080
10836929
10825484
10882877
14259401
10625857
10775988
10800386
10634667
13856474
10659492
13930970
10702800
10797548
10811050
10754053
10765031
10754462
10835393
10821926
10850016
13851898
10747213
10870558
10795887
10648291
10851436
10625013
10812646
10875089
10784002
10646150
10827454
10675868
10830859
10751471
10817965
10848946
10820444
10856009
13972334
14065515
10860750
10805248
10813999
10757759
10701100
10754346
10769006
10643871
10659958
10780825
10770859
10646549
10680677
10645131
10652594
10711155
10871361
10820569
10845865
10847211
15010728
10694928
10622309
10879685
10667344
10732551
10676363
10722435
10621120
10711919
10682338
10707815
10758440
10628796
10722592
10876294
10858098
10779932
10863131
14286009
10824524
10865104
10771760
10736219
10844797
10628957
10735406
10678638
10689857
10780758
10770915
10757283
10662200
10701279
10861065
10786377
10838438
10620593
10791723
10823967
10718886
10628093
10630643
10789254
10828031
10828922
10800422
10824902
10837094
10852983
10645219
10647777
10699125
10848811
10892672
10868090
10638592
10830179
10629151
10691791
10817572
10709545
10662877
10813555
10619490
14286018
10654606
10806911
10655513
10798678
10631531
10862630
10641900
10853353
10712543
10735864
10793301
10740438
10762791
10794189
10834777
14211165
10699851
10617855
10834179
10664962
14717569
10799338
10662362
10811936
10819383
14357711
10774260
10769698
10858662
10798209
10873805
10799141
10760635
10793451
14113152
10645576
10876397
10700840
10747483
10711961
10810358
10876829
10642761
10771396
10766724
10836116
10705718
10838992
10673968
10768997
10628980
10816474
10806078
10871799
10735033
10739863
10646272
10642917
10753650
10681808
10654533
10743955
10837081
10853269
10663353
10618556
10674155
10784374
10800172
10854952
10673166
14429447
10752865
10739139
10635007
10784647
14895748
10804389
10758770
10802141
10893718
10842427
10728471
10734426
10771235
10626105
10704200
10880042
10649671
10695598
10667872
10845889
10787747
10774818
10765470
10704997
10807831
10620694
10822286
10859232
10718947
10712894
10747254
10735756
10683404
10625761
10731289
10813463
10632847
10695949
14288517
10698408
10660274
10680477
10759671
10887877
10753578
10707210
10892842
10879585
10816594
10673093
10662269
10617575
10740644
10689242
10837487
10836849
10720197
10806721
10823900
10632108
10774677
10770750
14525913
10664553
10618799
10683356
10845653
10702364
10761122
10847614
10808924
10748749
10697044
10833179
14114569
10892241
10747474
10757582
10834346
10650373
10839986
10713439
10826581
10732827
10776020
10751777
10810837
10663516
10622647
10802051
10831295
10794338
10716511
10892666
10629406
10724303
10838725
10830956
10871776
14648005
10837746
10875647
10706120
10680173
10851321
10763562
10656827
10796285
10814626
14284705
10811199
10892941
10830254
10677169
10766960
10665389
10882024
10761038
10754417
10755229
10852069
10703166
10786764
10637079
14251638
10618546
10808460
10849741
10623836
10736156
10661924
10844161
10894699
10802065
10733245
10740082
10854188
10621386
10793744
10713012
10696888
10743178
14668839
10832561
10887764
10808728
10731244
10730604
14159608
14291548
10667694
10650577
10765423
10895148
10889024
10708051
10705905
10660466
10674854
10774752
10765774
10702491
10720686
14020573
10761573
10852909
10887008
10683154
10830022
10640546
10741361
10735714
10646070
10716789
10661378
10720915
10641781
10887270
10849111
10734982
10686929
10719244
10815784
10854085
10645756
10622015
10634919
10788617
14332469
10839088
10708584
10757727
10753683
10744113
10641553
10643046
10654768
10702791
10859171
10840743
10791556
10724126
10813079
10884031
10827233
10850457
10860752
10765453
10831876
10759031
10857686
10786525
10719263
10631767
10860577
10874457
10863627
10835308
10835629
10893192
15012264
10834996
10750985
10841003
10854493
10788994
10845340
10725561
10783634
10669710
10679708
10839497
10699477
10882401
10724011
10695437
10690524
10876650
14122045
10680334
10640569
10637644
10715094
10724211
10800311
10776475
10707560
10822370
10753873
10637498
10741806
10779953
10677706
10860085
10749708
10641530
10789893
10707469
10677036
10746913
13979771
10659786
10814538
10857560
10819496
10724491
10652748
10686206
10655924
10853618
10813306
10795245
10667119
10723005
10651046
10711864
10713537
10705426
10745368
10655442
10660010
10802447
10760497
10726084
14259440
10712358
10715548
10879284
10784787
10851457
13402315
10688423
10758354
14036101
10668476
10636106
10699645
10621172
10851543
10876569
10640562
10772019
10888950
10616629
10764471
10728214
10808825
10744807
10633618
10765807
10749066
10654872
10643531
10802796
14649748
10715791
10632943
10852116
10794185
10775311
10627773
10742683
10694167
10841930
10829441
10650600
10836689
10854614
10692434
10696799
10696090
10744614
10704254
10746763
10639099
14306576
10702793
10663828
10795419
10719456
10658559
10679307
10732772
10751115
10713842
10875312
10694105
10696523
10846607
10721111
14143935
10814954
10794782
10654897
10649441
10624130
10776922
10717716
10886990
14036249
10777818
14330439
10623198
10757530
14102002
10829767
10687158
10847763
10707729
10793106
10698021
10694138
10835773
10753815
10697037
10636306
10862596
10840281
10787395
10713134
15076798
14288529
10884420
10634355
10720261
10730820
10891904
10859007
10770131
10884875
10837828
10816255
10808844
10711622
10877957
10872997
10653527
10765278
10829327
10749597
10891694
10865121
10651425
10820899
10624872
10693338
10818416
14672507
10894639
10750942
10843628
10683938
10621824
10655771
10881944
10618307
10819161
10626808
10652749
10698735
10787233
14259406
10626346
14065365
10784453
10750067
10734320
10754231
10705212
10725019
10744276
10667513
10719077
10656667
10668144
10662160
10669347
10761253
10732008
10803965
14787226
10863445
10870954
10682571
10732408
10695481
10701290
10868720
10702967
10733096
10873490
10800669
14022641
10741535
10625852
10856002
10739112
10850483
10723624
10691476
10665707
10632299
10771557
10809721
10818754
10629394
10679034
10859847
10691267
10723377
10882873
10676961
10702072
10770441
14435998
10747153
10669223
10888635
10837400
10671458
10719515
10877227
10741786
10660128
10810784
10654998
10815350
14773305
10762685
10708838
10702230
10636963
10701816
10625914
10881453
10780050
10816961
10687068
14513276
10743223
10676624
10797601
10697801
10789739
10707294
10707117
10640506
10720499
10627649
10836029
10855416
10833683
13820565
10656576
10858220
10828701
10757352
10671056
10885811
10772485
10799286
10894681
10770676
10724065
10798890
10700393
10762451
10808958
10732457
10680159
10701842
10668785
10689960
10891228
10616637
10795104
10750890
10852407
10783969
10876355
10616791
10727999
10735757
10742609
10707079
10803552
10754384
10738154
10788155
10746124
10872302
10827647
10857192
14651183
10841990
10776058
10884583
10695694
14144435
10754527
10722063
10673356
10796832
10659384
14292962
10826310
10758443
14331873
10680226
10827411
10828761
10758690
10861354
10733217
10829995
10717572
10654876
10656734
10886355
14769765
10628920
10811561
10687777
10852623
10869161
10750594
10720306
10818272
10632476
10877906
10865042
10791409
10756981
10800132
10637777
10878321
14765311
10760888
14154051
10790898
10666282
10645245
10675148
10867765
10627191
10744349
14358307
10848858
10798522
10656543
10752903
10694011
10828833
10676259
10864831
10663839
10716197
14365985
10685762
10762884
10669009
10713058
10724884
10717214
14387018
10825108
10647663
10710506
14934999
10651695
10832500
10801230
10674856
10751970
10622568
10735269
10666880
10834451
10811354
10837105
10870185
10649840
10814767
11531327
10753860
10628183
10781339
10774461
10797399
10621751
10890744
10738214
10673606
10749716
10621614
10629300
10863095
10858511
10879690
10676045
10644578
10852086
10866252
10694548
13933890
10845168
10808221
10661376
10702559
10777877
10636756
10802669
10666610
10867391
10633884
10846364
10829165
10757611
14330434
10650057
10838626
10854590
10836484
10875287
10819723
10758501
10762622
10875784
10631486
10853914
10841672
10729598
10807304
14664125
10774183
10734232
14320155
10670580
10703147
10669456
10857419
10879016
10668950
10852851
10823758
10654544
10691185
10873526
10747425
10684393
14326104
10664855
10854858
10863746
10893830
10735318
10831248
10849025
10626760
10882669
10867299
10633516
10749439
10678977
10646867
10687675
10765162
14763948
10889015
10781134
10861855
10860930
10627832
10640392
10804264
10865933
10708805
10863749
14487990
10688508
14077728
10694773
10861425
10786547
10655989
10819330
10803027
10626638
10679298
10772755
10769225
10774563
10720395
10854866
10737402
10621917
10634215
10737889
10796528
10853687
10871792
10649556
10780660
10753626
10850548
10851447
10738725
10695249
10631713
10887702
10742623
10628645
14331292
10718632
10848540
10742584
10745754
10858905
10635452
10692347
10876185
10672775
10698291
10788984
10682580
10632858
10750668
10819060
10894134
10806916
10745942
10853172
10794631
10618990
10819662
10822559
10661183
10736905
10836166
10719395
10616311
10836457
10817110
10736090
10741886
10817171
10837056
10677577
10716753
10620637
10803958
14042355
10785843
10752350
10894545
10705646
10682269
10762161
10872178
10641791
10719289
10703211
10775611
10642600
14255750
10639108
10806517
10837385
10713834
10872673
10649404
10781470
10885794
10707041
10752663
10796507
10841862
10817517
10656494
10858988
10666710
10882116
10771492
10820411
10670655
10743721
10804209
10887262
10686767
10651412
10887402
10739851
10817761
10649471
10814879
10761611
10779751
10690531
10793295
14328668
10726532
10764411
10766604
10730221
10694385
14190652
10722400
14480255
10811745
10708411
10875956
14565291
10839642
10748695
10890907
10777708
10690661
10853448
10663681
10696407
10707772
10670274
10651153
10883238
10732269
10822257
10886157
10821702
10790032
10646077
10676943
10637134
10662555
10808223
10741115
10731063
10887947
10723120
10807521
10823660
10749595
10839316
10617169
10784576
10766491
14273651
10828350
10851153
10868285
10867588
10669266
10661261
10879771
10695467
10834041
10821425
10744243
14019152
10699157
10725780
10643966
10670226
10886318
10645999
10845985
14674435
10859698
10815750
10718818
10842928
10655022
14236659
10775547
10779456
10744044
10636250
10895665
10744366
10651236
10689754
10622522
10695894
10648234
10885980
10725586
10835080
10836424
10626365
10623492
14239858
10664223
10629333
10653490
10691023
10875269
10871713
10785015
10619852
10722316
10879794
10796115
10677406
15031420
14362994
10728544
10620136
10827735
10651363
10667868
10877018
10648952
11527344
10819990
10693525
10666455
10648371
14292030
10665136
10705387
10623737
14654409
10770133
10817503
10827347
10711303
10761431
10693510
10696716
10727810
10684878
10880310
10824269
10807853
10677025
10802466
10798497
10693478
10709885
10638455
10621201
10752209
10739052
10795262
10893300
10746834
10800780
10859090
10805062
10840844
10786483
10733537
10835665
10873522
10703388
10806251
10631597
10646720
10817172
10874695
10821912
10872469
10623855
10705827
10880589
10793582
14054604
10799225
11527429
10689922
10867499
14314656
10758141
10655161
10708280
10801234
10838961
10782141
10733736
10762848
10668779
14224438
10722845
10674628
10683004
10696255
10656629
10704174
10806750
10790039
10714089
10784357
10712035
10694034
10668026
10833988
10878492
10759525
10680800
10721384
10730976
10619616
14082331
10813971
10709087
10783571
10822730
10660556
10716226
10766946
10657256
10882180
10623661
10817286
10760214
10636396
10875630
10752388
10708988
10842379
10830645
10674055
10745376
10765834
10765791
10667159
10744435
10639866
13966464
10641184
10737198
10685353
10800509
13978751
10713642
10797961
10632735
10854503
10718436
14083204
10888622
14197961
10666308
10807359
10721304
10635631
10827721
10725245
10862209
10634233
10617553
14265640
10884047
10833637
13791708
10690853
10814196
10871864
10850993
10846272
10641818
10801002
10868562
10803786
10800984
10850999
10622848
10779974
10694152
10826788
10625019
10883190
10696740
10706874
14654396
13980007
10868287
10646747
10617086
10828139
10770544
10766487
10666471
10634809
10848053
10857856
10771769
10735127
10787009
10770074
10834673
13966357
10658696
10660704
10793915
10845665
10695229
10831825
10790299
10851865
10666176
10624782
10664677
10728581
10889854
10668341
10722675
10733962
10829912
10822547
10639934
10804531
10853042
10826733
10663112
14235364
10684048
10674631
10793539
10875945
10813098
10871880
10649901
10798078
10695696
10863347
10733649
10768770
10687605
10673994
10848233
10793201
10793535
10689841
10702018
10823920
14143153
10764075
10826260
10741261
10856358
10699048
10729036
10810568
10652875
10619404
10721718
10816149
10771755
10862184
10669777
10687988
10665409
10864750
10738923
10810764
10629697
10872935
14258294
10762782
10825193
10668589
14716826
10886870
10637839
10751944
10656456
10632999
10687202
10634135
10721990
10739517
10810978
10814350
10616499
10750905
10854953
13851783
10812347
10797283
10766172
13969406
10661791
10842347
10754162
10749646
10841608
10782308
10745827
10775209
10741661
10728702
10641064
10813851
10714799
10870225
10663545
10695771
10755323
10715599
10624032
10692973
10619716
10745405
10654379
10751469
10812628
10712082
10639648
10795440
10662562
10752099
10662608
10692093
10643894
14102899
10739770
10801961
10818864
10793830
10876874
10764410
10825735
10806980
10729550
10861412
10834296
10743469
10783357
10644045
10647242
10866270
10669291
10814644
10729021
10655062
10880425
10859848
10817318
10782616
10871751
10789984
10712345
10785273
10621934
10894709
10813866
10687776
10726170
10851665
10671716
10814555
10780916
10627696
10838338
11527458
10696399
10679409
13972494
10891718
10851329
10622624
14102897
10733500
10785622
11520184
10752909
10628026
10775900
10818498
10707415
10645751
10836684
10885364
10705234
10746737
10763078
10868959
10805694
10738583
10699139
10672871
13550595
10737596
10684853
10699497
10720799
10760763
10641768
10849871
14053154
10689423
10695744
10756307
10740385
10662515
10862641
10706621
10796586
10653614
10795776
10862080
13971211
10659828
10824589
10713444
10722723
10657657
10895484
10752104
10844193
10758661
10806720
10623362
10868306
10891705
10740655
10803006
10762449
10695151
10742977
10776977
10781011
13937960
14895959
10617617
10651117
10791709
10682136
10745670
10767334
10781889
10683227
10620937
15069672
10878010
10740512
10838545
10751670
10733531
10645252
13527910
10879287
10838207
10693993
10764809
10651227
10632563
10620782
10875330
10627795
10760795
10845289
10652662
10859925
10803066
10872141
10664906
10764055
10858839
10734080
10693835
10676184
10626368
10638308
10739140
10875012
10673695
10891072
14036334
10742862
10712008
10817716
10868955
10727499
10703548
10682272
10639319
10850874
10686260
10750734
10722380
10643547
10786960
10617799
10866837
10888127
10677018
10822442
10765486
10868137
10616549
14738359
10783218
10650839
10619401
10794456
10834993
10712055
10758561
10861701
10671708
10883763
10689411
10693064
10883683
10671245
10815852
10834549
10737058
10892328
10687229
10808410
10845127
10744578
14368570
10668276
10689659
10785562
10746864
10797079
10819512
10636587
10699346
10782296
10639004
10630205
10827540
10866662
10872407
10855359
10689495
14259437
10807027
10706606
10677107
10622586
10809695
10697133
10635524
10793818
10730801
10680528
10768840
10856655
14122106
10766304
11527340
10737429
10886262
10666075
10670982
10859532
13870360
10633484
10785846
13971404
10859200
10781850
10839782
10642395
10835765
10652337
10625496
10659787
10821670
10621453
10779831
10697729
10730531
10804765
10850671
10666337
10797622
10759356
10794579
10626749
10799728
10803663
10789069
10657706
10688094
10792306
14377120
10849390
14096200
10685099
10746602
10710674
10626461
10743970
10646638
10695927
10776170
10787801
10696020
10871316
10753733
14653581
10783862
10765280
10792965
10830354
10783741
10841567
13551658
10778946
10653038
10674990
10740718
10698623
10702523
10661547
10779969
10650542
10618844
10664308
10793667
10871615
10703384
10653138
10760567
10692496
13922020
10809804
10874232
10678083
10840313
10765887
10733376
10756845
10640317
10684139
10624144
10798415
10688052
10746753
10825050
10675219
10641378
10874478
10652153
10705745
10863795
14513305
10703462
14777972
10763782
10850202
10806741
10799204
10649680
10774822
10769886
10793630
10660192
10641614
14656992
14301994
10696199
10667615
10707244
10621574
10791670
10735247
10669693
10671113
10735027
10808033
10779630
10700228
15079363
10828043
10618142
14722567
10846451
10857481
10617204
10796402
10753428
10774666
10760243
10861360
10771725
10727846
10633432
10893010
10669468
10728877
10793190
10736895
10859217
10881904
10633109
10761635
10770393
10753147
10761345
10879693
10668381
10669818
10894921
10733891
10658985
10802010
10808315
10642824
10752644
10895182
10688173
14019178
10712482
10813432
10859971
14102927
10638488
10806229
10762625
10636304
10863366
10730628
10877047
10655462
10633312
10668312
10729412
10645931
10855073
10863369
14531686
10760589
10784435
10621515
10767289
10649591
10637520
10648980
10747960
10639723
10865089
14240852
10651717
10728206
10805998
10765163
14183293
10650280
10652762
10708743
13841885
10841729
10795839
13675010
14036468
10771397
14108840
10727984
10795259
10819733
10809246
10674452
10657970
10645391
10731783
10640968
10679575
10788045
10690584
10893816
10633897
10692152
10679072
10816705
14224511
10751479
10718133
10623978
10878024
10636703
10785473
10751950
10691942
13966436
10862614
10894422
10627947
10726996
10764916
10842440
10809344
10750416
10853678
10864705
10861592
14206306
10717792
10747294
10865163
10820710
10715730
10790605
10790932
14024258
14177901
10789928
10769142
10714332
10876870
10625595
10876992
10752114
10619101
10730673
10746932
10826995
10785851
10696583
10744425
10869184
10874181
10754720
10783070
10822679
14664963
10717137
10801655
10766901
10674545
10625922
10669323
10856222
10695148
10637712
10894309
10765481
10763305
14114553
10762759
10815298
10808021
10729276
10636082
10646059
10894325
10770137
10885094
10888903
10699315
10789084
10766313
10720727
10698590
10818078
10756303
10750636
10844357
10879063
10859832
10792890
10656784
10816949
10886947
10623512
10863904
10652118
10800005
14667989
10768923
10774980
10712528
10836398
10680178
10697170
14183365
10663576
10717455
10856525
10697662
10720496
10685413
10737941
10811995
10786168
10691050
10620891
10628052
10804029
10732353
10808367
10689389
10726100
10714590
10860022
10867760
10689962
10850138
10875722
10802186
14047647
10890066
10878141
13931561
10875612
10828799
10673173
10740762
10807237
10867691
10718481
10751696
10798773
10713207
10781124
10766329
10634300
14203404
10744138
10755321
10634342
10631069
10795829
10745829
10744682
10620336
10717457
10785058
10715388
10715574
10744183
10818134
10819293
10783098
10802364
10838691
10746730
10741452
10772295
10756132
10722742
14295150
10633508
14352270
10807752
10628054
10713409
10688742
10843489
10767229
10805693
10643683
10779392
10683680
10777341
10706865
10630786
10791118
10787026
10841196
10872827
10777719
10631782
10857871
14430564
10865279
10625188
10800483
10864785
10842946
10808523
10632515
10727783
10873496
10623337
10630223
10631703
10708238
10841099
10870642
10852034
10872404
10743025
10652308
10686953
14278223
10695020
10736018
10657630
10851191
10748317
10869345
10672997
10737134
10750552
10667645
10862308
10677356
10805102
10880623
13966842
10747087
10645216
10856963
10806339
10768329
10710087
10713785
10645733
10626703
10653441
15054284
10871434
10685681
10725634
10720988
10710589
10703609
10874202
10826416
10732520
10860781
10776280
10745072
10795934
10814660
10851713
10867325
10866460
10760046
14770276
10785401
10886342
10713293
10707873
10727841
10817541
10779024
10866422
10712722
10838922
10811406
10622413
10658591
10834121
10819564
10889922
10671881
10702328
10880223
10784951
10690390
10681841
10771683
10713784
10697614
10883973
10649226
10660748
10855326
10892237
10886943
10632372
10811534
10765147
14056180
10822564
10893964
10772314
10666772
14160933
10827506
10661206
10815352
10880919
10839214
10725873
10772465
14083086
10795271
10711890
10687720
10679358
14168206
10624699
10690675
10665262
10875782
10816465
10837840
10645536
10810808
10825441
10800393
10745248
10798489
10818027
10721184
10888661
10737627
10797906
10795606
10883283
10702135
10721911
10856898
10729982
10852884
10650848
10803418
10852606
10840855
10736304
10851412
10746538
10777335
10656626
10721203
10711563
10823346
10738263
10695004
14723645
10662849
10865927
10824520
10690995
10871477
10888535
10879569
10800399
10800306
10861385
10772832
10778839
10807548
10746469
14291508
10736902
10856457
10821884
10756036
10866379
10862207
10693975
10870147
10776285
10700960
10854398
10828290
14359956
10871527
10800719
10838489
10844244
10873248
10788583
10655159
10877297
10651651
10716803
10821740
10745404
10764199
10650607
10618642
10633584
10757236
10671988
10797256
10885112
10686084
10807848
10871427
10825607
10823322
10647961
10733005
10665893
10767773
10682871
10850354
10645791
10892077
10849912
14480402
10744555
10759190
10868228
10649601
10759043
10743263
10685178
10623615
10794002
10717702
10772432
10738160
14247471
10827105
10761618
10831548
10648672
10828491
10626354
10637288
10785801
10705278
10830552
10663350
10802339
10651549
10664769
10859263
10767191
10675138
14734581
10751063
10776916
14102124
10646934
10630491
10624287
10726990
10832416
10777020
10890660
10650377
10886640
10892865
10656811
10666462
10648231
10839223
10695451
10704662
10823812
10823564
10791290
10820027
10757056
10775148
10662951
10708409
10818643
10696948
10823434
10786503
10728299
10702598
10857593
10649116
10709105
10784724
10791761
14689009
10667834
10767512
10781721
10694969
10732438
10734503
10691796
10789247
10656018
10774655
10818065
10633857
10681860
10711199
10689031
14104407
10777595
10860592
10738378
10720210
10702888
10721394
10847952
10644022
10754893
10712549
10743103
10687979
10853888
10785249
10820850
10643488
10638359
10726908
14114573
10659266
10723902
10703902
14153371
10893350
10891189
10691448
10804437
10788476
10709639
10631281
10688991
10771434
10640022
10861616
10860422
10793774
10820046
10683395
10820140
10763237
10719795
10712203
10658309
10625411
10838396
10760465
10796859
10792669
10624745
10651490
10799952
10727050
10674766
10876350
10811132
10768524
10696690
10689277
10885111
10861371
10767034
10739011
10685965
10879339
10780547
10634254
10632768
10734270
10712431
10843928
10666844
10716996
10782035
10778118
10618702
10693501
10794014
10812007
10869839
10850852
10818278
10808213
10702741
10688108
10706348
10662466
10763043
10855897
10717853
10668521
10617223
10672341
10813594
10793338
14669339
10771409
10867301
14839930
10786482
10649830
10776713
10795920
10688692
10740720
10694805
10688722
10753442
10856601
10722172
10872361
10848770
10804171
10795726
10702526
14187158
10776908
14649675
10669285
10818005
10647219
10618123
10678262
10733992
10673347
10776213
10802192
10816796
10695677
10741588
10845211
10736555
10829698
10839765
10793206
10844231
10728311
10801466
10819892
10666618
10808623
10853736
10731118
10865321
13972380
10709691
10785322
10801471
10679788
10866677
10797736
10654969
10805580
10641943
10656619
14160425
10787467
10687857
10728446
10833672
10842536
10691495
10829665
10708228
10784477
10715182
10617098
10718092
10823605
10668121
10655114
10826628
10726750
10635715
10779257
10735162
10750624
10756187
10861237
10674271
10747709
10687195
10824303
10782114
10852293
14808783
10825429
10680783
10877219
10663929
10722315
10676154
10672224
10875202
10626209
10701644
10690228
10755341
10676235
10752524
14352180
10862103
10705840
10791732
10815886
10664624
10788194
14783079
10681437
10778709
10860987
10737399
10822915
10863833
10895566
10809215
10775356
10781421
13973107
10691863
10886969
14122715
14258353
10625755
10696008
10850049
10737435
10734011
10738719
10800067
10680469
10891871
10769346
10842941
10802872
10694578
10838340
10622429
10693464
10748989
10784321
10883277
10681556
10846601
10856551
10633736
15058341
13916573
10675052
10826609
10665385
10793801
14063473
10865580
10727538
10730303
10833506
10664389
14698124
10870136
10731047
10805681
10760439
10791089
10893808
10712559
10675526
10695359
10869724
10666154
10660822
10820820
10657232
10823841
10860650
10623113
10694143
10826898
10795310
14323773
10773943
10712211
10632676
10712838
10643870
10759008
10826215
10753283
10856233
10839295
10708722
10836432
10618206
10834532
10717395
10836142
10713396
10672570
10834299
10676242
10855317
10618563
10788921
10773647
10699166
10798915
10627381
14064274
10724113
10744049
10700535
10828268
10672632
10834327
10875829
14648134
10671184
10674186
10790863
10862757
10637799
10872262
10756929
10807408
10816450
10654785
13846482
10787798
10856523
10684116
10802524
10798814
14123316
10671921
10649009
10872523
10814509
10767318
10719382
10679363
10639559
10800850
10746732
10788284
10672604
10890009
10723826
10758119
10791889
15051251
10784313
10744882
10871084
10839297
10732984
10820198
10760633
10683513
10800310
10650925
10712914
10766308
10729907
10821590
10642443
10722590
10710278
10738894
10749849
11527196
10869480
10757285
10848034
10885453
10656424
14142433
10645415
10728837
10858067
10824020
10715007
10799699
10681527
14239329
10780267
10797343
10745871
10689359
10830880
10658622
10623935
10801426
10705941
10680752
10814220
10876341
10620633
10652867
14051376
10647876
10826948
10699670
10863068
10728426
14081601
10849505
10840253
10826368
10820465
10780333
10841275
14393175
10738430
10749588
10616527
10777018
11527489
10751098
10703071
10686650
10691158
10804901
10813005
10843407
10757050
10884260
10660823
10652671
10616400
10733011
10643669
10881336
14046533
10826324
10632509
10725077
10768436
10764534
10784616
10833198
10864194
10642096
10693264
10638141
10782122
10779988
10675863
10895384
10755612
10831443
10653089
10791711
10808634
10823598
10618645
10651442
10810788
10867111
10760764
10693682
10752523
10735588
10835536
10675258
10843182
10645078
10690863
10882952
10668222
10783108
10667735
10620660
10670544
10798971
10651218
10878699
10785463
10630232
10628273
10771795
10802148
10711249
14035109
10847835
10675570
10716276
10822706
10836833
10824514
10849116
10787036
10752671
10872629
10776891
10758155
10621653
10641445
10647030
10894041
10650021
10855519
10644283
10880544
10637182
10796798
10830778
10694638
10704951
10870058
13833263
10805235
10764946
14226901
10835197
10780985
10648882
10730431
10774992
10782980
10789590
10878508
13597142
10679039
10651994
10763616
10835627
10828650
10637980
10806169
10617078
10892004
13967932
14667223
10697213
10641147
10887210
14852677
10893633
10802707
13550388
10843248
10817268
10783527
10797450
10729918
10857337
10888890
10713821
10792774
10639475
10782985
10752044
10677382
10798146
14352096
10659104
10779171
10837430
10820203
14284706
10700120
10807687
14216365
10719055
10713064
10647449
10756403
10860334
10866623
10771783
10799088
10758012
10877326
10638641
10723114
10779544
10840410
10757808
10827801
10868000
10832806
10646936
10823278
10681540
10638755
10774354
10769913
10885757
10740637
10810678
10753854
10827755
10869841
10798407
10782514
10832429
10860115
10678223
10725972
10623835
10821243
10878618
10770349
14111287
10633855
10836730
10641008
10783393
14287597
10806130
10674113
10809393
10835300
10692067
14046578
10630107
10650704
10885914
10806247
10654103
10654577
14332625
10642314
10827262
10729678
10889333
14669290
10838581
10680920
10649956
10890908
10827049
10864470
10722148
10718557
10711931
14224538
14168826
10769715
10701773
10659244
10631350
10705647
10708447
10841467
14395791
10856789
10850305
10664383
10682474
10827245
10648530
10784938
10825581
14184697
10876673
10740219
10863069
10863057
10838313
10634109
10681817
10821851
10837033
10665564
10618483
10705134
10835891
10776725
10621539
14513327
10870490
10786001
10881378
10818168
10658160
14344123
10664353
10857864
10866760
10814921
10872881
14857132
10789035
10820830
10653065
10634800
10669214
10796480
10862467
10699905
10653174
10843027
10715855
10802957
10794711
10825700
10870989
10689869
10847395
10664952
10824856
14070228
10880684
14804355
10710936
10635648
10742578
10700488
10667370
10681118
10687652
10705439
10807424
14259404
10889090
14959231
10827058
10830320
15008358
10656021
10656831
10823492
13981006
10774808
10803411
10663995
10865370
10792809
10689769
10785091
10798796
10822908
10766287
10877671
10658066
10849304
10685852
10757592
10735010
10713204
10869013
10621446
14799801
10764967
10789880
10872722
10698562
10740076
10879114
10895752
10805221
10810138
10695411
10769133
14710266
10868453
10771305
10741375
10649298
10796891
10685529
10879850
10735848
10873412
10860662
10779224
10819549
10843657
10803670
14669278
10753320
10847494
13969230
10717727
10754755
10721567
10622276
10819683
10761204
10894097
10639208
10699175
14240827
10838826
10815889
10635562
10715330
10781519
10697436
10657623
10809030
10678082
10670555
10801940
10788388
10837572
13914115
10771349
10625250
10660468
10848221
10803557
10680109
10692222
10799805
10794238
10817324
10798234
10676831
10733027
10665560
10749430
10837492
10848332
10728439
10679726
10859850
10629439
10668760
10808354
13880562
10836569
10753431
10750200
10843556
10837949
10798456
10773021
14995574
10842571
14262807
10843779
10859294
10778954
10769965
10663177
10659205
10793282
10686943
14224523
10885167
10838674
10784054
14167509
10762706
10769872
14824400
10627227
10871075
10876559
10711659
10623869
10640048
10658187
10672931
10764119
10627134
10701930
10773753
10826297
10763507
10807293
10848343
10869319
10750178
10891049
14361147
10725070
10709888
10827501
10740231
10818786
10839696
10618945
10828090
10793637
10724376
10855835
10853881
10672184
10883427
10750117
10750717
10681246
10801843
10766151
10802641
10655147
10760419
10787733
10634828
13873048
14224498
10662002
10772168
10824737
10808019
10870868
10680676
10791630
10645379
10696489
13941522
10662372
10744001
10850155
14513180
10847578
10754089
10723436
10796074
10675579
10740439
10714272
10625962
10638733
10891126
14046536
10661832
10736297
10887409
10628023
10695813
10774848
10798131
10866289
10693874
10864425
10672188
10889079
10728676
10683526
10759654
15036692
10886701
10644667
10747827
10670451
14019061
10697910
10654626
10802394
10802410
10733566
10687933
10799954
10621382
10884831
14722682
10633180
10773656
10683119
10729799
13975210
10730489
10806408
10702867
10857566
10722356
10691898
10641747
10859962
10721328
10803064
10847776
10815539
10737376
10843849
10708933
10839041
10833311
10648438
10638442
10680642
10874829
10749259
10887189
10722058
10856051
10801788
10833186
10670505
10813876
10811241
10775799
10694306
10733637
10686061
10680312
10635412
10744334
10687017
10784473
10878677
14041699
10682496
10680876
10746378
10665268
10861398
10870506
10766601
10764089
10852658
10846673
10638841
10618740
10725008
10751958
10730427
10640521
10854712
10800692
10738849
10676878
10624189
10789021
10738285
10686217
10857936
10706252
10827938
10629987
10728683
10682500
10868931
10722816
10678871
10839759
10777409
10678352
10706913
10714656
10654680
10677690
10698323
10807773
10720742
10679534
10797433
10677470
10641182
10831652
14536964
10780880
10649639
10643430
10794797
10824245
10807745
10894198
10727470
10705550
15000828
10744999
10798638
10665531
10630159
10807357
10799346
10675373
10671696
10857352
10664859
10649820
10696516
10730297
10763309
10850657
10853512
10729881
10735900
10879787
13968098
14356605
10725248
10833017
10822038
10810126
14669328
10866222
10761649
13482444
10644674
10657958
10863457
10623937
10828904
10844452
10705760
10718439
10780435
10841154
10705732
10637820
10632101
10811597
10808220
10785451
10694507
10838251
10696146
10702367
10832631
10846706
10786677
10657999
14154050
10732458
10702197
10803579
10823501
10703895
10756786
10837457
10856824
10844215
10834210
10867276
10706206
10627421
10766267
10713262
10854138
10845356
10824125
10886622
10784953
10627861
10657404
10748672
10795037
10874229
10653540
10841961
10807996
10768272
10647512
10647381
10752331
10690389
10864152
10713953
10821162
10744598
10708574
10768127
10851083
10746935
10875883
14336612
10655423
14248739
10664719
10756170
10765459
10651531
10677319
10780553
10695640
10871577
10634636
10863183
10827538
10888638
10852155
10842553
10673770
10825733
10624930
10828469
13971394
10676436
10714170
10781601
10840229
10674798
10726198
10693173
10878131
10697067
10663000
10744195
10875701
10863764
10617509
10658755
10679189
10756787
10716223
10723685
14248616
10722762
10836934
10684006
10842757
10626423
10692135
10774014
10895591
10844989
10622238
10875974
10746669
10687564
10705174
10670968
10665002
10778301
10738082
10644640
10780942
10754376
10793284
10895130
10850822
10730429
10635946
10664145
10625890
10826344
10766243
10757404
10880035
10796424
10839960
10694006
10804331
10840610
10709271
10717065
10691658
10856626
10710918
10671032
10664933
14369673
13969412
10740550
10849618
10766391
10782663
10698585
10884577
10708990
10662523
10674123
10823630
13977463
10862223
10673686
10716762
10619125
13920931
10791838
10623578
10820711
14236668
10866288
10796910
10791843
10626656
10843607
10703067
10889404
10775163
10832862
10840597
10812318
10848023
10641394
10865062
10728484
10772524
10830546
10791247
10655835
10827400
10655058
10620396
10884196
10664559
10683127
10772081
10683122
10632318
10621033
14216352
10685392
10798857
10632288
10832637
10776627
10782174
10879018
10791831
10660120
10623932
10680497
10674051
10820352
10713215
10624808
10844524
10709973
10620663
10660837
10652615
10744732
10788586
10692917
10681480
10771797
10894650
10804629
10665782
10780540
10634333
10635237
10858384
10634031
10889213
10707492
10753573
10814466
10892909
10807195
10642269
10639074
10840479
10833482
10616500
10774243
10693065
10730627
10864719
10738302
10630079
10754753
10618064
10787294
10737098
10658569
10697583
14228240
10880031
10887404
10850264
10823493
10746250
10648359
10785238
10696697
10819858
10635989
10626758
10794236
10790047
10629470
10645032
10883108
10731998
10752633
10731304
10733621
14658123
10847708
10750027
10717381
10893522
10683167
10708728
10795777
10750768
10626559
10886653
10831725
14668113
10877997
10828367
10649030
10796787
14063729
10753313
10678109
10835174
10822584
10893516
14998423
10854315
10661247
10670078
10862063
10633013
10663393
10884351
10832680
10667210
10844839
10676653
10857277
10893938
10719824
10738337
10702245
10812748
10793520
10871948
10766776
10826949
10700711
10648653
10717887
10645270
10799398
10689698
10691894
10832688
10631933
14532864
10870070
14113096
10793435
10711908
10759372
10727884
10708044
10835315
10785742
10710521
10715507
10756090
10683168
10881061
10739242
10704333
10874916
10688974
10654177
10658190
10722007
10774870
10812230
10816679
10726267
10794022
10681043
10650716
10726080
10620620
10865950
10627698
10868540
10729950
10630518
10663891
10720746
10797409
10859180
10634942
10659016
10844583
10793065
10806320
10693063
10785718
10853495
10703934
10849941
10762356
10676549
10771860
10852898
10799578
10685052
10862443
10775276
10741285
10890764
10797724
10768075
14020493
10665523
10731749
10835083
10791863
10689563
10822664
10748674
10643052
10651192
10644317
10702021
10698929
10766647
10617183
14055389
10686297
10829829
10663827
10732447
10767030
10709823
10852427
10800618
10734250
10853559
10711734
10624416
10722303
10881880
10886375
10848165
10705931
10625898
10815482
10816215
10762797
10867203
10802480
10696329
10810443
10646236
10779325
10729139
10631737
10746100
10747391
10693865
10681981
10873491
10703099
10651776
10782566
10762751
10811878
10798570
10715943
10675613
10783905
10671956
14681526
10807369
14657166
10833612
14668009
10773982
10783749
10889499
10674896
10636403
10627676
10706804
10726643
14265384
10744848
10687543
10859817
10816139
10639882
10765839
10868606
10741545
10841197
10847727
10640006
10647967
10779996
10724294
10767209
10780049
10704020
10821112
14712645
10655520
10745782
10700987
10763290
10670324
10830634
10807615
10732140
10632726
10754229
10826561
10726246
10685877
10790503
10647070
10873909
10760931
11527386
10750146
10821591
10769821
10676199
10659110
10760360
10872670
10828776
10629115
10637452
10764914
10616694
10672073
10849385
10719223
10657471
10686630
10754742
10848709
10777710
10738873
10814571
10644145
10689660
14258213
10783494
10740928
10842104
10655447
10822558
10756484
10809623
10887961
10830994
10788324
10736434
10892167
10701663
10636360
14035939
10803268
10751337
10673110
10641828
10761025
10735731
10780073
10632590
14070151
10800596
10850093
10884734
11531324
10663606
10676413
10804961
10737484
10877261
10800220
10699037
10749924
10755539
10863773
10631651
10682493
14655327
10694216
10767801
14708385
10665056
10621148
10703547
10830435
10657800
10699498
10723626
10824866
10780033
10728624
10823527
10698595
10661324
10823807
10698403
10782886
10760711
10723976
10884204
10696193
10674694
10830674
10658502
10699669
10815427
10659983
10841839
10742550
10662984
10649128
10711357
10670316
10758885
10669022
10616569
10773109
10678401
10803375
10755446
10630634
10707897
10653785
10878206
10802072
10745982
10754617
10694386
10643923
10747374
10721004
10892170
14236661
10719385
10631921
10698233
10744773
10855540
10782097
10810827
10756041
10661234
10675271
10663456
10857188
10663915
10724175
10763872
14017750
10749332
10875717
10714263
10819638
10732231
10759531
10821988
10734646
10711424
10799399
10879187
10617211
10829430
10814239
10756018
10642610
10836406
10718117
10663267
10846569
10671261
10849868
10722461
10680999
10693318
10883867
10650070
10814858
10770642
10865890
14819050
10837153
10864765
10654657
14020361
14997966
10723442
15052163
10866506
10646253
10686885
10826642
10719480
10667377
10726962
10772898
10625070
10886927
10881716
10670814
10789368
10715930
13858790
10692554
10667686
10710641
10789031
10723023
10739330
10814159
10813206
10705937
10838963
10631033
10656835
10707057
10710870
10632455
10739990
10766135
10727058
10780026
10646727
10737091
14317231
10713841
10619249
10838711
10891814
14336618
10821937
10803183
13789307
10696195
10813925
10647137
10743870
10756581
10733760
10694980
10859556
13939889
10860894
11190800
10837836
10891242
10818661
10722925
10865462
14300042
10867092
10711907
10787907
10839946
10695917
10891437
10748336
10750733
10753571
10795482
15008459
10629105
10819700
10752848
10716098
10821587
10881604
10881787
10754934
10830107
10836274
10799600
10886843
10782274
10621864
10884472
10668080
10642167
10741851
10620126
10653051
14557771
10641213
10821569
10815616
10786560
10760182
10646093
10825636
10628153
10621624
10838305
10699422
10731476
14509590
10804329
10783112
10888813
10797795
10808783
10736758
10874974
10801892
10849344
10837080
10659677
10772268
10794144
10741016
10642787
10739311
10749857
10817325
10700544
10798618
10734518
10756561
10696596
10803799
10741289
10738752
10872989
10779355
10889280
10692444
10751375
10831635
10829042
10685088
10850986
10700215
10761277
10780918
10735606
10633098
10667877
10748987
10727754
10631692
10838642
10786961
10876849
10836317
10771844
10754143
10623653
10865905
10673456
10658381
10619152
10634810
10755409
10705065
10823182
10732227
10861379
10663156
15075127
10824385
10792184
10667653
10707612
10886604
10769756
10666143
10871771
10673264
10626329
10817046
10688161
10828442
10869473
10850907
10702037
10785776
10835270
10616796
14655361
10869838
10752783
10680983
10792970
10626042
10810504
10826111
10787335
10739299
10881384
10637160
10877434
10788839
10817045
10712321
10692362
10885026
10798888
10639077
10777507
10648503
10762799
10622407
10828633
10756251
10814399
10762463
10842002
10681945
10681409
13932806
10700408
10864408
10628477
10655754
10850728
14093597
14223449
10734908
10893153
13976264
10641647
10853802
10637741
10828646
10853485
10825777
10652089
10670425
10722055
10890822
10769287
10879456
10732906
10671709
10760700
10884106
10791680
10707193
10845756
10708568
10798232
10641027
10843268
10815459
10851721
10805707
10790903
10707481
10716649
10710133
10824709
10873712
10878820
10626920
10653825
10879852
10689712
10813409
10803062
10690810
10815400
10893032
10734190
10717068
10638599
10847932
10652485
10667337
10852832
10778702
14106510
10831893
10741408
14850690
10728213
10798969
10744356
10781612
10758362
10674928
10893470
10644761
10764067
10787804
10630995
14358449
10714305
10734627
10648382
15034626
10815261
10878108
10653884
10791942
10760259
10826878
10684329
10812527
10738204
15040074
10836201
14395679
10711752
10783978
10621061
10652397
14080899
10887491
14319526
10617165
10856631
10626120
14331235
10719556
10662277
10858725
10691241
10764627
10683607
10868452
14344948
10686937
10697535
10774737
10807964
10863531
10824955
10651233
10788464
10736780
10685157
10812093
10833669
10677855
10806422
10748988
10661270
10711815
10720985
10684010
10668395
10791412
10827584
13967929
10664563
10804578
10643652
10783913
10682247
10766298
10880104
14653689
10714584
10640957
10683570
10815172
10645728
10754590
10713750
10661742
14102060
10743386
10845045
10725308
10658865
14727702
10750584
10771787
10619196
10780181
10703184
10645618
10666882
10624312
10674863
10832030
10739107
10893075
10759306
10747949
10699716
10732415
10663543
10640641
10892408
10724697
10634058
10824535
10763734
10889154
10841247
10686319
14047684
10752419
10635437
10772677
10722601
10705586
10767568
10856362
10878640
10772569
10841085
10726176
10755899
10773635
10780517
10786871
10690585
10640009
10717517
10760003
10678718
10819838
10774060
10693350
10863640
10825117
10827418
10621737
10690914
10691175
10622595
10664643
14753293
10663192
10719308
13939871
10816742
10740614
10728962
10804402
14061442
10670731
10804379
10668201
10703876
10746355
10784516
10645847
10702685
14012816
10797799
10752318
10634046
14473020
10703991
10645387
10744746
10735709
10624672
10749009
10829543
10660308
10789734
10749596
10663396
10741738
10618193
10633430
10644558
10893444
10854441
10679083
10763446
10770893
10689637
10806218
10624310
10761443
10858132
10735276
14216343
10644473
10781120
10803231
10801597
10737652
10870878
10803607
10858158
10630578
10823736
10782945
10668750
10647520
10718569
10808946
10858303
10724513
10862548
10694787
10780672
10868609
10773655
13920263
10684977
10719775
10796204
13972046
10842588
10872647
10736803
10862116
10758062
10878511
10718985
10774536
10631768
10738289
10826964
10709467
10667823
10654743
10783943
10692987
10866989
10649801
10797815
10878254
10825319
10642429
10818063
10833732
10801939
10837953
10809538
10713043
10790556
10863022
10827145
10789227
10836574
10835608
10859049
10725644
10716250
10886854
10766195
10619207
10851678
10660909
10864631
10763374
10770928
10869682
10783186
10810158
10801503
14142372
10649677
10894684
10825386
14823601
13939608
10718227
10763097
10721571
10784326
10709582
10761407
10869231
10862160
10687981
13754062
10700503
10708296
14799936
10854711
10624407
10878902
10857305
10703896
10745297
10661659
10819034
10885511
10850735
10768717
10719023
14675594
10871487
10860076
10820602
10706757
10740138
10691210
10743361
10626438
10830612
10740067
10644003
10650416
10672030
13971328
10876975
10868866
10814089
10686552
10813116
10821860
10704889
10727901
10728112
10745938
10696370
10816161
10656677
10826732
10714387
10692003
10646175
10635866
10745444
10865453
10862697
10874077
10851280
10696983
10665794
10727371
10727172
10748978
10670936
10640398
10843499
10684601
